0 0.093932 0.477607 0.055987 0.239027
0 0.338789 0.485486 0.036034 0.223268
0 0.360987 0.451342 0.028951 0.231128
0 0.423732 0.592529 0.060486 0.263969
0 0.523475 0.651625 0.057912 0.334883
0 0.745801 0.431644 0.049542 0.189125
0 0.717488 0.383054 0.037969 0.191751
0 0.806611 0.442150 0.051487 0.244261
0 0.903456 0.458560 0.055987 0.242957
0 0.886730 0.252383 0.036683 0.130019
0 0.924051 0.281274 0.028961 0.130019
0 0.470705 0.547870 0.057922 0.282354
0 0.432417 0.434270 0.032822 0.091926
0 0.455906 0.371897 0.042469 0.082743
