0 0.061129 0.536904 0.062417 0.304174
0 0.201733 0.575092 0.047617 0.302890
0 0.301157 0.318154 0.022520 0.102271
0 0.331716 0.318807 0.025735 0.108716
0 0.243563 0.582856 0.043751 0.326170
0 0.286357 0.612626 0.043113 0.362408
0 0.469755 0.603567 0.062429 0.365023
0 0.619042 0.618452 0.055986 0.366307
0 0.875804 0.713589 0.072725 0.447867
0 0.966214 0.311686 0.021870 0.081537
0 0.914094 0.285161 0.023170 0.059541
0 0.838797 0.292913 0.019304 0.069908
0 0.813387 0.279323 0.017377 0.058234
0 0.700770 0.300677 0.021243 0.080252
0 0.622908 0.315562 0.017377 0.081537
0 0.593632 0.314278 0.019304 0.086720
0 0.541505 0.321388 0.015439 0.085436
0 0.525091 0.326571 0.016089 0.088005
0 0.495171 0.329805 0.019304 0.086720
0 0.476517 0.329805 0.019304 0.078968
0 0.453022 0.318154 0.017377 0.086720
0 0.438865 0.328509 0.017366 0.099679
0 0.665057 0.308452 0.021881 0.069885
0 0.725228 0.306502 0.025097 0.063417
0 0.756437 0.301972 0.012873 0.082844
0 0.875804 0.326571 0.022531 0.108739
