0 0.151399 0.369128 0.086460 0.103704
0 0.431015 0.424693 0.079109 0.120980
0 0.513800 0.470988 0.075421 0.132110
0 0.464134 0.654934 0.112228 0.169136
0 0.347314 0.875307 0.117748 0.197525
0 0.720767 0.674070 0.088317 0.162957
0 0.782401 0.580864 0.079109 0.100000
0 0.668342 0.560490 0.093812 0.160482
0 0.947958 0.591354 0.090124 0.143206
0 0.853218 0.418513 0.088317 0.071611
0 0.676621 0.352467 0.084629 0.102475
0 0.490804 0.324078 0.084629 0.095066
0 0.324319 0.294444 0.082797 0.095066
0 0.189109 0.298762 0.084604 0.083937
0 0.085173 0.269751 0.075446 0.100000
0 0.748354 0.185797 0.055173 0.053090
0 0.704208 0.248762 0.055198 0.040748
0 0.589233 0.259875 0.064406 0.095066
0 0.530359 0.250000 0.049678 0.060498
0 0.435619 0.246910 0.058861 0.074086
0 0.287525 0.160498 0.057030 0.083953
0 0.446671 0.145673 0.051510 0.059252
0 0.500928 0.162957 0.038639 0.061728
0 0.537723 0.175307 0.042327 0.049385
0 0.103564 0.148771 0.045990 0.045681
0 0.156918 0.150615 0.049678 0.069136
0 0.775037 0.485191 0.064381 0.096296
0 0.691324 0.441362 0.073589 0.060498
0 0.960842 0.414194 0.057030 0.104934
0 0.962673 0.343821 0.053366 0.053090
0 0.817351 0.341977 0.068069 0.091362
0 0.777797 0.323455 0.069901 0.101229
